============================================================
异常值检测（任务 2.2：箱线图、3σ、业务规则）
============================================================
数据: 800,000 行（原始 train.csv，先检测后处理）

[1] 业务规则检测（按业务常识设定检查标准）
  annualIncome<=0（视为缺失）: 229
  dti<0 或 dti>100（越界删行）: 325
  revolUtil>100（封顶到100）: 2,719
  ficoRangeLow>ficoRangeHigh（不一致）: 0

[2] 3σ 检测（均值±3倍标准差之外的点）
  列名                       3σ异常数    占比
  loanAmnt                          0     0.00%
  interestRate                  5,741     0.72%
  installment                   7,954     0.99%
  annualIncome                  6,027     0.75%
  dti                           1,558     0.19%
  revolUtil                        52     0.01%
  ficoRangeLow                 11,739     1.47%
  openAcc                       9,111     1.14%
  pubRec                        7,529     0.94%
  pubRecBankruptcies            5,880     0.73%
  revolBal                      9,999     1.25%
  totalAcc                      8,337     1.04%
  delinquency_2years           21,755     2.72%

[3] 箱线图 / IQR 离群点检测（Q1-1.5IQR 与 Q3+1.5IQR 之外）
  列名                        IQR离群数   占比
  loanAmnt                      4,246     0.53%
  interestRate                 14,803     1.85%
  installment                  24,992     3.12%
  annualIncome                 39,014     4.88%
  dti                           3,265     0.41%
  revolUtil                        47     0.01%

箱线图已保存: outputs/W1/outlier_boxplot.png

[5] 极端样本画像（跨列自洽：看这些点像不像真人）
  年收入 IQR 上界 = 156,600，极端样本 39,014 个，展示收入最高的 30 个：
  收入      贷款金额   循环余额      FICO下限  dti    违约
  10,999,200     5,000          534     685    0.1 0
   9,550,000    30,000          758     805    0.1 0
   9,522,972    35,000       28,120     710    0.3 0
   8,706,582     8,000       16,449     685    0.1 1
   8,700,000    14,000       12,664     685    0.2 0
   8,500,021    12,000       18,409     660    0.2 0
   8,300,000    28,000       17,019     675    0.2 0
   8,253,000    30,000       26,402     670    0.1 0
   7,600,000    10,000        2,494     700    0.1 0
   7,446,395    20,000       24,494     720    0.1 0
   7,000,055    26,000       39,796     720    0.2 0
   7,000,000     7,500        4,998     705    0.0 0
   7,000,000     1,200       18,600     685    0.1 0
   6,998,721    10,000       43,180     680    0.3 0
   6,693,021    25,000       21,090     685    0.3 0
   6,500,000    25,000        5,590     775    0.2 1
   6,500,000    12,000       12,949     730    0.1 0
   6,100,000    30,000       15,219     700    0.2 0
   6,000,000     4,900       20,793     705    0.4 0
   6,000,000    35,000       44,749     675    0.3 0
   5,588,951    15,000        3,531     660    0.5 1
   5,408,000    24,000       13,381     685    0.5 0
   5,400,000    16,000       25,010     675    0.4 1
   5,000,000    35,000      975,800     720    2.4 0
   4,900,000    15,600        9,015     675    0.1 0
   4,860,012     6,000       15,178     715    0.3 1
   4,800,000     2,850        9,505     680    0.2 0
   4,695,472     3,000       20,171     695    0.3 0
   4,647,200    18,000       16,656     670    0.4 0
   4,462,056    16,000       60,383     700    0.4 0
  自洽检查：极端样本中 收入 vs 贷款金额 相关系数 = 0.11（>0 说明收入高者贷款也高，画像自洽）

[6] 长尾分布检查（极端值是否连续成串）
  annualIncome: 上界 156,600，尾巴样本 39,014 个，连续成串
  installment: 上界 1,079，尾巴样本 24,992 个，连续成串

长尾分布图已保存: outputs/W1/outlier_tail.png

[7] installment 跨列公式验算（等额本息）
  与理论月供误差<0.01%（视为一致）: 789,114 行（98.64%）
  误差>1% 的行: 1,400 行（0.175%），方向系统性偏低（实际月供<理论值）
  判定: 方向一致的偏低不像随机录入错误（疑似利率调整/特殊产品），不构成批量脏数据，保留

[8] 汇总：建议处理策略（Step 2 清洗依据此结论执行）
  annualIncome<=0  -> 视为缺失并填充
  dti 越界         -> 删除行
  revolUtil>100    -> 封顶到 100
  fico 上下限倒挂  -> 0 条，无需处理
  3σ/IQR 离群点    -> 经跨列自洽 + 长尾成串检查，判定为真实极端值，保留